2.2749177643458935e+00  5.0966205149482242e+00  2.3684812877002104e+00
3.4169209358640491e+00  4.5843698129640158e+00  3.0311172262516370e+00
3.7877719283410634e+00  5.2876158629912640e+00  3.5903577246714442e+00
6.3231497849133982e+00  2.4650604340281710e+00  3.9898884032344375e+00
6.3119599593213787e+00  3.6440963345410236e+00  4.7750567644827369e+00
7.2319076745220769e+00  3.7834260942525151e+00  5.0884045447240220e+00
3.6170356208232781e+00  8.8313287215346321e+00  2.4233372235178448e+00
3.2983349934272965e+00  9.5326827905523484e+00  3.6334194849003176e+00
3.9569349843929893e+00  9.2927964574131501e+00  4.3243435845024836e+00
6.5007390392055022e+00  6.3535268116440005e+00  1.9485538852158151e+00
7.7179394071213281e+00  5.6875707446183430e+00  2.2588238464652304e+00
8.3095220816456923e+00  6.3239695589064642e+00  2.5481885410245853e+00
1.5603633998812374e+00  3.1099264667823423e+00  6.7237561548265754e+00
2.5043321850560769e+00  3.2474292940783216e+00  5.7105989338001537e+00
2.9818699725425426e+00  2.4143417998527479e+00  5.6114079888438857e+00
5.5814456682566425e+00  3.0687900993946120e+00  8.1196517685272838e+00
4.5515925173780571e+00  4.0673683727574401e+00  8.0314348189801947e+00
4.9378649947850359e+00  4.8585346965944414e+00  7.6146927266866955e+00
1.4482675206878060e+00  6.8860808918536405e+00  6.0133337909504414e+00
2.8522327334317144e+00  6.7448228489471465e+00  6.1791752437973670e+00
3.1161782114712353e+00  7.4641321066377984e+00  6.7918138225134497e+00
7.3072261853428202e+00  6.9193015894409804e+00  6.0010844664539862e+00
6.7926698750638135e+00  7.9699994234084341e+00  6.8065530603784437e+00
5.9878591509962149e+00  7.6542857095117638e+00  7.2398966313893274e+00
1.2061644437383888e+01  4.4090407032437229e+00  2.5475575922813438e+00
1.1469896789614520e+01  4.2299147388100611e+00  3.8278307787133903e+00
1.1154716443747846e+01  5.0457821297852918e+00  4.1160728550513372e+00
1.5629744143049425e+01  2.5066353277293767e+00  2.7384887348426639e+00
1.6540543857576495e+01  2.4889884207375785e+00  3.8528973005757181e+00
1.6746532297101560e+01  3.3742371321623015e+00  4.0694082559560512e+00
1.2142867608793123e+01  8.5642222979308897e+00  3.0111480402555992e+00
1.0716911813973612e+01  8.5354550767026698e+00  3.0517838050724104e+00
1.0443921792846139e+01  8.2353024670706088e+00  3.9040605314662105e+00
1.5405844947455186e+01  6.6005972731695870e+00  2.9621857788115622e+00
1.6141581765134774e+01  7.5178118144273407e+00  2.1422501632753290e+00
1.5541190954567618e+01  8.1613493228169904e+00  1.7605634001901949e+00
9.2269729093026278e+00  2.4810790566663123e+00  7.6673632710699087e+00
9.8468964659124172e+00  3.6793118056377558e+00  7.2246769928452030e+00
1.0742908422894176e+01  3.5699426127568445e+00  7.0002233928280182e+00
1.3946451613508358e+01  2.3651362026350924e+00  6.4706889823368323e+00
1.3910363564891949e+01  3.7681793959799790e+00  6.6709443859749182e+00
1.4370627804257204e+01  4.2084363204640409e+00  5.9203754612971053e+00
1.0974161073870379e+01  7.6950425607755442e+00  7.7912472612185564e+00
1.1629200527204484e+01  6.6111978508439080e+00  7.1400263580379617e+00
1.2398609383507921e+01  6.4248929779495398e+00  7.6923539886899777e+00
1.3949141585376474e+01  9.5342376999127492e+00  6.2190157304064329e+00
1.4488957833049493e+01  1.0143247592992848e+01  7.3923152603732074e+00
1.3852946833616064e+01  9.9891016136743236e+00  8.1334223614242873e+00
2.0030019135673292e+01  2.8143116169255262e+00  2.3513415792156911e+00
2.0643593505209392e+01  4.0719518863025463e+00  2.1282068661973770e+00
2.0438109960035735e+01  4.6767097726464977e+00  2.8411904231437992e+00
2.4024538075080123e+01  2.3898658907820720e+00  2.5983657829388429e+00
2.3539664418384291e+01  3.3243281330202321e+00  3.5529678978407722e+00
2.3750369907618808e+01  3.0967275958005005e+00  4.4327294797972181e+00
1.9902816879709476e+01  8.1944023669535007e+00  2.2757454945713951e+00
1.9333114367020951e+01  8.7226268046040847e+00  3.4642091821407748e+00
1.9956725284413121e+01  8.6230991278194100e+00  4.1324920834291321e+00
2.4669110444520243e+01  6.4296220818119734e+00  3.7908008897717682e+00
2.3456078441684568e+01  6.7277417016754866e+00  3.0738823457027671e+00
2.2753176462722667e+01  6.7395595958616905e+00  3.7397447443694363e+00
1.9097710334236531e+01  2.1384190184671983e+00  6.8841675433312375e+00
1.9457060492238611e+01  3.4514093698480819e+00  6.5130386621014331e+00
1.8859191668263428e+01  4.0560611257708068e+00  6.9260772880719790e+00
2.2853843727060017e+01  2.2556912906335809e+00  7.8079162983501904e+00
2.2781864762975662e+01  3.6971429407677134e+00  7.7709554816605291e+00
2.3648593644127264e+01  4.0546720256295652e+00  8.0305648475448113e+00
1.6858595352422178e+01  6.8851166991548043e+00  6.7332659937495878e+00
1.7657752500653991e+01  8.0000938999253552e+00  6.3336066781719618e+00
1.7365330684828102e+01  8.7780196752887196e+00  6.8457402474610785e+00
2.1033819657485026e+01  6.7378345562842101e+00  7.0403149653109942e+00
2.2157264179896661e+01  7.5721075463295024e+00  7.2286836541943149e+00
2.2895679669990461e+01  7.1823347188190159e+00  6.7986912210167185e+00
2.6398981938274142e+00  1.3289300896305829e+01  2.9419466286945535e+00
3.9072748968425315e+00  1.3128302848106925e+01  3.5573724869143550e+00
3.7516510341245306e+00  1.2674993028354185e+01  4.4251869050692454e+00
7.4728955727603257e+00  1.0105557148461878e+01  2.2541982761981516e+00
7.1407223184762216e+00  9.4480794290766141e+00  3.4733038441775843e+00
7.5858355227616272e+00  9.9434801996586248e+00  4.1932654403230742e+00
3.4299147836966832e+00  1.7077672097136233e+01  1.8216671264143094e+00
3.2407316402670197e+00  1.7035060341769910e+01  3.2388298696867639e+00
4.1129009219241865e+00  1.6939805555933269e+01  3.6617072412523597e+00
6.8506191179176641e+00  1.4444770880905077e+01  2.1722570733756092e+00
7.5285762088285368e+00  1.3881687830362964e+01  3.2823484647651791e+00
7.0836591963683206e+00  1.3173366864414088e+01  3.6191624683167118e+00
1.5450098431901524e+00  1.1285144038246228e+01  6.9089440473693298e+00
2.1347565037247711e+00  1.2364098827783449e+01  7.5878436146897004e+00
1.4741389553057820e+00  1.2938348674610817e+01  7.9057035233613053e+00
5.6512023948323433e+00  1.1193792263108111e+01  6.9307847720283178e+00
6.0980603299305844e+00  1.1922746429894980e+01  8.0626227081245680e+00
6.7305327667698629e+00  1.2602880283954493e+01  7.7292741196461998e+00
1.2713952616109270e+00  1.6510275337583295e+01  6.4626250656368063e+00
1.7766072960277273e+00  1.7806893702522132e+01  6.7668326920659858e+00
2.7246405143265502e+00  1.7849607807261581e+01  6.5058812665544581e+00
4.4786371221767149e+00  1.5064326095380835e+01  7.3824166485003673e+00
4.9020197793177962e+00  1.5180801781531086e+01  6.0183027594994725e+00
5.7331132124389175e+00  1.4684060065074750e+01  5.8943320467525133e+00
1.0720849739474703e+01  1.2247295567887315e+01  1.7971819272413818e+00
1.1033221463620499e+01  1.2562268791285263e+01  3.1589378605482876e+00
1.1872335463004411e+01  1.2139089691835022e+01  3.4237046367110078e+00
1.6592480458426017e+01  1.1310084045194216e+01  2.6052281596299034e+00
1.6244281904922182e+01  1.0757512947340157e+01  3.8717466350431824e+00
1.7083982679177080e+01  1.0495458956614279e+01  4.3347907688477001e+00
1.0682316166096715e+01  1.6022585322757934e+01  3.1608647944081540e+00
1.0589798892386757e+01  1.7029581525489505e+01  2.1665743359241927e+00
9.7180846706986568e+00  1.7395059103277752e+01  2.1640821647387232e+00
1.4324080908085739e+01  1.4986962630345978e+01  2.2299993715233040e+00
1.4337160552865326e+01  1.4715535808152282e+01  3.6216501090898618e+00
1.4664151601553881e+01  1.3808535970137781e+01  3.7633312509749155e+00
1.0046742233450676e+01  1.0954453927002991e+01  6.2719598501320544e+00
9.0819788921053561e+00  1.1939242651811462e+01  5.9007652939104167e+00
9.5210461664280928e+00  1.2808629922875308e+01  5.8967852717407894e+00
1.2954251639612950e+01  1.3298437013491736e+01  6.6418742467658403e+00
1.2695786630195871e+01  1.3346888111516469e+01  8.0361836702091232e+00
1.3561252851338763e+01  1.3247235585812454e+01  8.4813812176272556e+00
9.0281728873639207e+00  1.5787773770742755e+01  6.7833931669866310e+00
1.0402774456750880e+01  1.5766841928017014e+01  6.4450397575576828e+00
1.0885327425951415e+01  1.6194195885740637e+01  7.1736354168181462e+00
1.4301010734507173e+01  1.6995108758858116e+01  6.2102305366190658e+00
1.5606336635099753e+01  1.6519774056777830e+01  5.9190626318130519e+00
1.6230832504014728e+01  1.7185176076456866e+01  6.1842087793206968e+00
2.0911653649511464e+01  1.2498756640624972e+01  2.8083625343240692e+00
2.0592580781571929e+01  1.2334271468629826e+01  4.1819908489109530e+00
1.9691923205862825e+01  1.2070790564926858e+01  4.2267438369880264e+00
2.4037767656220918e+01  1.0563258500559822e+01  3.5644320635744315e+00
2.3491290623041927e+01  1.0333501688984258e+01  4.8352525011422376e+00
2.2791712706522581e+01  9.7359356507162644e+00  4.6638396978472247e+00
1.7769914299403482e+01  1.5724085695009924e+01  3.2469927173656257e+00
1.8565188010570562e+01  1.5346188075928156e+01  4.3658762958425124e+00
1.9500562479480905e+01  1.5442391314605546e+01  4.0879583365984447e+00
2.3775339769390420e+01  1.5346431022080166e+01  1.8292327324115689e+00
2.2868160339485989e+01  1.6132872459340092e+01  2.5747072605332346e+00
2.3327604700110943e+01  1.6942396661228869e+01  2.8784416398601245e+00
1.6624832950057886e+01  1.3117228168260787e+01  6.7498246387533234e+00
1.8046550301122416e+01  1.2963516011871448e+01  6.6714893285169552e+00
1.8402710601654562e+01  1.3488290674048251e+01  7.3842037679722763e+00
2.0494166229266728e+01  1.0510802836708576e+01  7.6928073570174256e+00
2.1420824852632371e+01  1.1396678571863969e+01  7.1067427615054575e+00
2.1274989688791312e+01  1.2225767328750774e+01  7.3909106048655460e+00
1.9849230728267404e+01  1.7923641061195852e+01  8.1929830950859017e+00
2.0124756822279984e+01  1.6708900205582687e+01  7.4921517444639525e+00
1.9290314313055145e+01  1.6407991416475401e+01  7.1380354924009124e+00
2.3913474700220050e+01  1.4348638455019112e+01  5.6463130811090307e+00
2.2520562285794131e+01  1.4272356827977511e+01  5.2613925231482348e+00
2.2036353675679326e+01  1.4971506958890988e+01  5.6679971741270876e+00
2.8980835439910759e+00  2.0458709091892860e+01  4.1386173946755171e+00
4.0463944349518455e+00  2.0640212791612715e+01  4.9572413835018327e+00
3.7511873505786064e+00  2.0994135835057122e+01  5.8309292953646956e+00
7.0553901740515403e+00  1.9812701412997402e+01  1.7365053760894078e+00
7.0043315827780948e+00  1.9073810003609736e+01  2.9474495077380709e+00
6.8590526530330633e+00  1.8109277490659434e+01  2.7888615100433092e+00
2.7439019086343497e+00  2.4587774043810395e+01  1.8426505330131329e+00
3.6383483881839074e+00  2.3677138307500766e+01  2.5041346593780807e+00
3.6803623536583774e+00  2.3833685070676168e+01  3.4303741420017122e+00
6.9695808281242000e+00  2.2532250707950379e+01  4.6306778681669876e+00
7.5071287087357925e+00  2.1359421026980367e+01  5.2589273919944990e+00
7.1387800986505843e+00  2.1331111997540610e+01  6.1666654411955530e+00
1.2817546361899612e+00  2.0795925922804983e+01  8.5648789999729456e+00
2.7031091808858152e+00  2.0651486101378296e+01  8.6215374986327085e+00
2.9286662464444202e+00  2.0314634232834656e+01  9.5210076294960260e+00
5.7961265087717733e+00  1.8605442045290591e+01  7.6441759288599611e+00
6.3000425074431616e+00  1.8088000386418802e+01  6.4242663360936119e+00
5.6107795612697453e+00  1.8098716220497401e+01  5.7793697836351248e+00
1.4494532461817473e+00  2.4087112590068852e+01  6.2674750691750516e+00
2.1980957629124447e+00  2.5306755070883405e+01  6.4862378097330398e+00
3.1353877047052294e+00  2.5122525111680819e+01  6.4353138879778005e+00
5.7772007416689384e+00  2.2128792146159409e+01  9.1010940503793769e+00
5.5008389051913538e+00  2.3049958311834814e+01  8.0377568334224758e+00
5.5734560163351423e+00  2.3922631904189817e+01  8.4590991676750686e+00
1.2279089672563314e+01  2.0267496046762133e+01  1.8367086816211515e+00
1.2885272644394885e+01  2.1475648429098175e+01  2.2632345594190428e+00
1.3313172224742129e+01  2.1276410512142803e+01  3.0619763900524686e+00
1.6296070644211945e+01  1.9163694212677179e+01  2.3206772180335382e+00
1.6313872729594159e+01  1.9870875914153302e+01  3.5551234558901306e+00
1.5699670507640308e+01  1.9402046036845110e+01  4.1682178950560687e+00
1.0141723426979034e+01  2.3375586718892979e+01  2.7752262351295274e+00
1.0713428719622243e+01  2.3070176076781674e+01  4.0659327550886504e+00
1.1504443551617978e+01  2.3565374196214083e+01  4.1563678397773138e+00
1.5066713191831925e+01  2.4807496634376005e+01  3.0574180742529808e+00
1.5767339348461373e+01  2.3676364106436743e+01  3.5812310559116556e+00
1.5996881190231621e+01  2.3070963335022569e+01  2.8720953421317374e+00
9.9542509485625921e+00  1.9268016688803243e+01  4.9713762034795757e+00
1.1322814643987073e+01  1.9077041983952459e+01  5.3136161768610135e+00
1.1668390444609008e+01  1.9927294805777720e+01  5.6700638760302731e+00
1.4051700942987905e+01  2.0120135818239323e+01  8.2760016101299971e+00
1.5112404504473464e+01  2.0004334375117921e+01  9.2203924027657695e+00
1.5568575427894030e+01  1.9236006568408119e+01  8.9749736111578216e+00
9.7145462214836957e+00  2.2957047063246055e+01  7.8811355701359007e+00
9.3806896731600382e+00  2.3915039210609553e+01  6.8755750048690789e+00
8.4778975347716141e+00  2.4260348834595693e+01  7.0302113281814158e+00
1.3407562364268632e+01  2.4054581364463264e+01  7.2862867469557662e+00
1.4715984032483318e+01  2.4488698157247512e+01  6.9093725613287464e+00
1.4779150848459887e+01  2.5399073640375200e+01  7.0920351507618955e+00
2.0498791670009190e+01  1.8977529836930501e+01  3.2546002857163687e+00
2.0050842811703419e+01  1.9087566819137233e+01  4.5973288713376457e+00
1.9249200322442551e+01  1.8554299759506137e+01  4.7244745283916654e+00
2.4644346084276016e+01  2.0333412427325449e+01  2.4892357085783132e+00
2.4328874701755264e+01  2.1131739988203734e+01  3.6360294539606248e+00
2.3421498034926515e+01  2.1252510845483872e+01  3.6305706422241530e+00
1.9528187075258355e+01  2.2427367947835648e+01  1.7675953875462724e+00
1.9750271848766634e+01  2.2755078402880752e+01  3.1307159019366013e+00
1.9690932229626544e+01  2.3697510110712681e+01  3.2929457433934943e+00
2.4380199844163695e+01  2.4608561925514078e+01  4.6967243059710828e+00
2.3303534298955437e+01  2.5069935955880222e+01  3.8845964942186910e+00
2.2581480105273283e+01  2.4505506540597736e+01  4.0316954891797332e+00
1.7719665150821736e+01  2.1191248201457515e+01  7.2045734311650866e+00
1.6949912442281043e+01  2.1967958397231634e+01  6.3070222784208454e+00
1.7427471894639385e+01  2.2012051773573006e+01  5.4994814137377279e+00
2.4703134284061480e+01  1.8450368797218431e+01  6.6544149014900880e+00
2.3284625102430077e+01  1.8512213451072341e+01  6.4738928352773453e+00
2.3117486230781562e+01  1.8655931615654687e+01  5.5643829003120295e+00
1.8340849587021733e+01  2.5524799536675182e+01  6.0682460627928743e+00
1.8016363014143746e+01  2.4927117740142730e+01  7.3101911340207950e+00
1.8741266871042452e+01  2.5077623133894946e+01  7.9002170004648526e+00
2.1596489299234793e+01  2.1445385877777515e+01  6.4613813750602791e+00
2.1408328672656282e+01  2.2820923756739386e+01  6.2872050448504808e+00
2.0509942602696892e+01  2.2911737545965099e+01  6.1313430970759111e+00
3.1352724754347419e+00  2.0176921225776194e+00  1.1170386291676767e+01
2.7402301308870167e+00  2.9873313111899482e+00  1.0184585950399658e+01
1.8016363148561865e+00  3.2501993043804354e+00  1.0328151145970917e+01
7.7359169939410810e+00  2.0725538228956628e+00  1.1493484276057416e+01
8.0141456128568223e+00  3.2599670630921458e+00  1.2254465769677628e+01
8.9443256428409743e+00  3.4482352173136781e+00  1.2107752465437024e+01
1.6751436424908150e+00  7.3339058938716333e+00  9.9869088883738542e+00
2.6955856506960463e+00  6.3900723002227924e+00  9.6849239320231160e+00
3.0908506997150176e+00  6.0610237261739943e+00  1.0517770551951694e+01
7.8588785279617932e+00  5.7072422373944569e+00  9.5162873985152743e+00
6.8162503708468192e+00  5.4655671902933332e+00  1.0461977461350209e+01
6.0524093585511478e+00  6.0157703374710305e+00  1.0215971268741537e+01
1.5931453166431204e+00  3.6152895729076362e+00  1.4606237833788368e+01
2.2650450801942710e+00  4.7984886184722075e+00  1.4201803640959659e+01
1.9790278643539794e+00  4.9986356366672640e+00  1.3299840854475265e+01
5.4277885137413540e+00  2.4005953043883106e+00  1.4545335092851726e+01
5.8253839178170397e+00  3.6120672538377607e+00  1.5164881806722578e+01
5.2350199361435763e+00  4.2977331200531994e+00  1.4965110600474549e+01
2.7751695722341037e+00  8.4448168076426970e+00  1.3711417311465635e+01
4.1202100258716463e+00  8.0916785406260683e+00  1.3993647122629591e+01
4.1241109389571644e+00  7.6011195120395323e+00  1.4854839045823603e+01
7.3696719099118679e+00  6.5695566006509747e+00  1.3985865890106364e+01
7.1750004155467595e+00  7.2414552554769109e+00  1.5231323631645262e+01
7.4970438217647724e+00  6.6444901356975139e+00  1.5931489395196049e+01
1.2351259668557685e+01  3.7743335567927176e+00  1.0004420580549624e+01
1.1271975732253027e+01  4.6478683319286622e+00  1.0336679377564215e+01
1.1453923884124130e+01  5.0154537562975525e+00  1.1231991163936080e+01
1.6163788834619158e+01  2.5915167511407651e+00  1.0106194134369298e+01
1.6792998420307779e+01  3.4734609183881933e+00  9.1860866278371311e+00
1.6223027786648949e+01  4.2739455534632418e+00  9.0477139205093735e+00
1.1166907039870468e+01  8.8061001135975978e+00  1.1930518719058524e+01
9.8857473614417852e+00  8.2160644030967411e+00  1.2065568610307567e+01
9.8726539953328718e+00  7.3878119373741820e+00  1.1538667740521356e+01
1.4916467511517057e+01  7.2163323046695602e+00  9.8177229015403462e+00
1.4067875725073465e+01  6.7828706864073913e+00  1.0877768724894311e+01
1.4414927049720289e+01  7.1612515561898098e+00  1.1670593241285891e+01
9.8330047546690338e+00  3.8277850397448319e+00  1.5449235003686740e+01
1.1076337034220542e+01  4.5399327668516278e+00  1.5498216023781458e+01
1.1498696462148812e+01  4.3979338297067212e+00  1.6347644727463198e+01
1.3684329202972350e+01  3.0219397154444008e+00  1.3562458833738335e+01
1.4061975661104329e+01  4.4145070908483346e+00  1.3621376594271116e+01
1.4929167861672852e+01  4.4604937080746403e+00  1.3253232207093049e+01
1.0692040645431460e+01  8.0080968621219313e+00  1.5712759645756131e+01
1.1938300571020624e+01  7.4639257003089456e+00  1.5284591964006477e+01
1.2534539579264973e+01  8.2092068980860571e+00  1.5019365359109781e+01
1.6016054486373864e+01  7.4697591424479830e+00  1.5423277158846066e+01
1.5531159113420486e+01  8.3024904512409048e+00  1.4368091090674598e+01
1.6312047550611602e+01  8.6637688170387346e+00  1.3901782257953931e+01
2.0241034367655939e+01  2.7346098206081293e+00  1.1630553398487699e+01
2.0620811913558022e+01  3.6940541004232084e+00  1.0651327246181246e+01
2.0237543457325639e+01  3.4187836893340466e+00  9.8111222989982050e+00
2.4095227795833722e+01  2.6174749545395968e+00  1.2515614653937144e+01
2.4089185611890333e+01  4.0088909668629968e+00  1.2310558252852124e+01
2.4234525717855377e+01  4.4197272537678645e+00  1.3149774988554924e+01
1.7954553098205327e+01  5.9913436922057137e+00  1.1940563041949826e+01
1.8550355796513358e+01  5.8996768687358472e+00  1.0651269120098815e+01
1.9365585809017112e+01  6.4571187154538014e+00  1.0644529549391482e+01
2.3407865187639462e+01  7.6850704930268252e+00  1.1384401001776336e+01
2.2364057832138737e+01  6.8329271826822060e+00  1.0974905281415593e+01
2.2628279102136929e+01  6.3154996481272860e+00  1.0280481762781669e+01
1.7475939536064903e+01  2.3270946566600581e+00  1.4425271215103839e+01
1.8220569825890319e+01  3.4958877688473051e+00  1.4786864672037265e+01
1.7607836775475043e+01  4.1669261796471533e+00  1.5137987134891850e+01
2.1369060785779705e+01  2.2645728764956394e+00  1.6166671983946244e+01
2.1897581753926723e+01  3.6104169793841407e+00  1.6228364583580074e+01
2.2809683615240690e+01  3.5589126848123471e+00  1.5976245264015004e+01
2.0873908112758674e+01  6.2734844616825134e+00  1.4294437425257449e+01
2.1554952085876444e+01  7.0002094138382178e+00  1.5303046082418135e+01
2.0961193274627956e+01  7.6174205578801084e+00  1.5706183249877165e+01
2.4847026283017751e+01  6.3733848373451831e+00  1.6277622494562355e+01
2.3899629625618637e+01  6.6813022782866938e+00  1.7283426350412650e+01
2.4085705783934799e+01  7.5783393965522032e+00  1.7573098446865551e+01
3.1457866280697040e+00  1.2441370901826385e+01  1.1356837001245552e+01
4.4726889599359669e+00  1.2629027275044946e+01  1.0922593355155215e+01
4.4837363973051998e+00  1.3157279402911003e+01  1.0171101895260321e+01
5.3863975313817738e+00  9.2221567718881303e+00  1.0963284139447723e+01
6.3001589126166397e+00  9.1200522060189932e+00  9.8585154856990300e+00
7.2237261501126797e+00  9.0787326847605900e+00  1.0206081962033783e+01
2.0395700813097393e+00  1.6165351777981133e+01  1.0221940990686271e+01
3.3988638258633044e+00  1.6468948813084360e+01  1.0457469424834320e+01
3.5663531257676180e+00  1.7354840803255350e+01  1.0067754144350225e+01
7.9956902831383792e+00  1.5071518419554810e+01  1.0763614184158984e+01
6.7890702370907574e+00  1.5168502397784367e+01  1.0016758613077601e+01
6.4743762845028634e+00  1.6089663002579709e+01  1.0106117579267073e+01
3.3328027600290762e+00  1.1711150693099722e+01  1.5422732994725257e+01
4.3989812831090367e+00  1.0937991452884164e+01  1.5964539296167015e+01
5.1385785012253926e+00  1.0859540866808796e+01  1.5317072694912842e+01
8.0341831905647094e+00  1.0294308700318654e+01  1.3576118176711235e+01
7.5069723142733480e+00  1.1570567027922353e+01  1.3222782084925901e+01
8.2828050255839685e+00  1.2160454689667210e+01  1.3068747483511483e+01
1.7379410136322897e+00  1.5572866310521267e+01  1.4191786105611644e+01
2.5901903958486514e+00  1.5693276407791746e+01  1.5344459884592984e+01
2.9344786024993521e+00  1.6563373313926462e+01  1.5356605563788184e+01
5.3660479383107917e+00  1.4682503876046665e+01  1.3529196418636944e+01
5.5263844630526151e+00  1.4256586842226815e+01  1.4881600555578281e+01
6.4811237380384012e+00  1.4209734037622619e+01  1.5084864879821522e+01
9.3716044525221296e+00  1.1775739773551857e+01  9.8475068823682825e+00
1.0781082989306716e+01  1.1822744356258600e+01  1.0058140399795716e+01
1.1184420766097094e+01  1.1117107768552042e+01  9.4886867833917901e+00
1.4293836541743607e+01  1.0474185367667078e+01  1.1618261225710587e+01
1.4857150589267096e+01  1.1764388995308700e+01  1.1444237775490169e+01
1.5732946463191274e+01  1.1757552608816585e+01  1.1838001146205649e+01
1.1787659442859310e+01  1.5163601394042857e+01  1.0683651004035559e+01
1.2510009322507402e+01  1.4217858159946063e+01  1.1458958749157388e+01
1.3189602901730355e+01  1.4723608187086880e+01  1.1970817039547919e+01
1.6457866921584777e+01  1.4894343715707866e+01  1.0143653954731242e+01
1.6291089898027082e+01  1.6221931091381723e+01  9.6810651898572004e+00
1.7117688516434789e+01  1.6651759193150710e+01  9.6813851884927171e+00
1.1337055234165145e+01  1.1899357253830004e+01  1.5952127735937463e+01
1.1210986191770278e+01  1.1411383771502171e+01  1.4621583109758847e+01
1.1834401500904393e+01  1.1922275277402601e+01  1.4054618731970903e+01
1.4900047539844495e+01  1.2530807391009370e+01  1.4957665513941897e+01
1.5930363941236626e+01  1.1901715539063073e+01  1.5721423427426075e+01
1.5582486649469185e+01  1.1052189847699646e+01  1.6084386812385674e+01
1.0150222780150365e+01  1.5015489514636391e+01  1.4386699416037345e+01
1.1570527170462674e+01  1.5201978743137142e+01  1.4347648597271682e+01
1.1838575464946873e+01  1.5720745671456816e+01  1.5121745636638215e+01
1.6664964368490892e+01  1.5969377463758033e+01  1.4424896667512213e+01
1.5329113861229624e+01  1.5963817746862874e+01  1.4930917926331780e+01
1.5080692915090937e+01  1.6910561762429438e+01  1.5080766385949678e+01
1.7947382382850890e+01  9.5254493320834683e+00  1.0183016682605746e+01
1.6986736736510831e+01  1.0056656952074590e+01  9.2825460692030841e+00
1.7116132504428258e+01  1.1034531885606849e+01  9.2754894833346277e+00
2.1654365737941788e+01  1.1124722380729411e+01  1.1477074086369926e+01
2.2794454566438834e+01  1.1630627067601226e+01  1.0878852629982548e+01
2.3271835368593610e+01  1.0884906037828763e+01  1.0589479728153284e+01
2.0288356200202138e+01  1.5141555912227478e+01  1.1584869091335939e+01
1.9202636560872186e+01  1.5937526145616699e+01  1.2056123424242172e+01
1.9573812316485427e+01  1.6776838430536550e+01  1.2406391492190663e+01
2.3493880827057801e+01  1.4913598811761046e+01  9.5967338965225508e+00
2.3106787184366212e+01  1.6274966196842442e+01  9.7153271912122623e+00
2.3199634082557761e+01  1.6693885544852595e+01  8.8323901647993317e+00
1.9201592817891626e+01  1.0496346885238530e+01  1.4815780806373413e+01
1.8601121325761937e+01  1.0818935045140760e+01  1.3577477104290134e+01
1.8654327955684355e+01  1.1792108074588217e+01  1.3394948331060498e+01
2.3990865242437817e+01  1.0264558825000309e+01  1.4882817932992030e+01
2.2569851716749813e+01  1.0406219434167079e+01  1.4955220823987498e+01
2.2395572057265916e+01  1.1373903914136839e+01  1.4922684174397840e+01
2.0050370796251265e+01  1.4376749504049597e+01  1.5471320920503516e+01
2.0948722065073703e+01  1.5464286231086017e+01  1.5229180006747269e+01
2.0404034223967034e+01  1.6284968767092167e+01  1.5191124489168374e+01
2.4404095626949683e+01  1.4078207537394231e+01  1.3391347033574295e+01
2.3554933621058904e+01  1.5026927516697805e+01  1.3998931409085889e+01
2.3522038255523452e+01  1.5830843825344722e+01  1.3410063827854993e+01
1.3457150439862826e+00  1.9399918441522004e+01  1.2846707894143686e+01
2.7521465654771542e+00  1.9286741795105765e+01  1.2601135946439404e+01
3.0744676163545215e+00  1.8519897877661467e+01  1.3006186644482455e+01
6.1859262757632481e+00  1.9511294936481899e+01  1.1435739796946898e+01
7.2148720340931565e+00  2.0491674564971358e+01  1.1557579940368266e+01
7.2315038616333709e+00  2.0764244335055892e+01  1.2500768219445337e+01
2.2547067425916225e+00  2.5549177609312775e+01  1.0280900653690068e+01
2.2632093543100633e+00  2.4294950588084308e+01  9.6151681263918398e+00
2.6413067607265250e+00  2.3669317992099288e+01  1.0137548348595674e+01
5.8865617753357773e+00  2.5302639620314118e+01  1.2322090797257216e+01
6.6809430914281611e+00  2.4164690020198552e+01  1.2601653329434496e+01
6.8870273806908724e+00  2.3698762651579237e+01  1.1737941010847205e+01
2.6188377334135469e+00  2.0412800771473975e+01  1.6259305236077225e+01
4.0130851233279934e+00  2.0267013310416790e+01  1.5959777369155210e+01
4.2580827237426560e+00  1.9415629404724680e+01  1.6332635701495079e+01
7.2314871012663922e+00  1.7501000648992328e+01  1.5320479597659959e+01
6.9051193019181962e+00  1.8749685296759314e+01  1.4719401595932366e+01
7.2658004817745487e+00  1.9437886202798392e+01  1.5304239500533891e+01
2.4733998233524965e+00  2.3266364949206221e+01  1.3516809768827155e+01
3.6406764668639195e+00  2.2441298857730011e+01  1.3380958581975932e+01
3.7930180601694645e+00  2.2268215391460821e+01  1.2410895705394363e+01
7.0565085675118659e+00  2.2768570974026481e+01  1.5778120889765729e+01
5.6676719845092842e+00  2.2979159895380775e+01  1.6044479212010756e+01
5.4286115660883825e+00  2.3752548175689380e+01  1.5565126351419190e+01
1.0542935565761399e+01  1.9035739988958426e+01  8.8095581978816142e+00
9.1740514761120942e+00  1.9322386419564246e+01  8.9740481841255733e+00
8.7687203225923014e+00  1.8518148611182301e+01  9.2898084699745151e+00
1.3470827669357048e+01  1.8325936185762462e+01  1.1836179281877984e+01
1.4725144850715802e+01  1.8495487876075014e+01  1.2468251483263671e+01
1.5331793409515377e+01  1.7851171425976922e+01  1.2126415903882346e+01
1.0610221060154306e+01  2.3135324021467074e+01  1.1957784891822151e+01
1.0493455731224174e+01  2.1984685717787755e+01  1.1127361593171690e+01
1.1355587144302719e+01  2.1855010454825837e+01  1.0701493623841625e+01
1.5765040092044870e+01  2.3202908383543342e+01  1.0098817695744897e+01
1.6455317181721693e+01  2.4375028219250297e+01  1.0498392320239125e+01
1.7321362378917325e+01  2.4083163257930867e+01  1.0814390628577703e+01
1.0310447743866483e+01  1.9675440994539244e+01  1.3706382796784634e+01
1.0189755360277038e+01  1.8316028167624484e+01  1.3272795011840319e+01
9.4459418017401688e+00  1.8301982967532755e+01  1.2687571759267509e+01
1.5177191472710968e+01  2.1336169076902298e+01  1.4418564279839359e+01
1.3914283054731904e+01  2.1765402967223832e+01  1.3918031526285633e+01
1.3967188071655425e+01  2.1720400149977678e+01  1.2940388720193631e+01
1.1671596418977074e+01  2.2099712090866660e+01  1.6519597709833366e+01
1.0699464684639185e+01  2.2682327224653420e+01  1.5676999752627914e+01
1.0539213788361842e+01  2.3582773083521129e+01  1.5994246665636320e+01
1.3282122933980096e+01  2.5260044690763792e+01  1.4121734699367289e+01
1.4666834961876807e+01  2.5139580402318302e+01  1.4340927671342062e+01
1.5112005760997867e+01  2.5377324335887700e+01  1.3534485941743759e+01
1.8290301122230062e+01  1.9772269787137656e+01  1.1021479827996650e+01
1.8084314607030215e+01  2.0667640467830807e+01  1.2112489254135600e+01
1.7218563549528088e+01  2.1014241108433112e+01  1.2010608404696951e+01
2.1971043968497604e+01  1.9187269495032186e+01  1.2434349030947400e+01
2.2848555527530159e+01  1.9806718127111669e+01  1.1491262046743197e+01
2.2406507979068849e+01  2.0142993833687513e+01  1.0759927733912424e+01
2.0418632359011582e+01  2.2881069138315759e+01  9.7094768702684124e+00
2.0996599144923763e+01  2.3036610437290033e+01  1.0998923764077848e+01
2.0443511247346340e+01  2.3673569112743074e+01  1.1489480555940641e+01
2.4320426215013104e+01  2.3691698505628796e+01  8.4288297892344577e+00
2.3993205555321566e+01  2.2338299777036855e+01  8.7571602280075762e+00
2.4773145710508778e+01  2.1889054434724056e+01  8.9603396114244784e+00
1.8305838965819053e+01  1.9278341224451090e+01  1.5295300631497462e+01
1.9692059042402956e+01  1.9541390981926742e+01  1.5458639372656135e+01
1.9843477430488182e+01  1.9741811769522805e+01  1.6411102925199966e+01
2.3925025722030647e+01  1.7919311364389909e+01  1.6093216034170922e+01
2.3155197380526037e+01  1.8971113091746560e+01  1.5518071847835198e+01
2.2996418748680917e+01  1.9646608788749830e+01  1.6187755352978350e+01
1.8736186428238664e+01  2.4608494506428276e+01  1.4172962632412368e+01
1.9103740071291476e+01  2.3545155872965200e+01  1.5029927723704567e+01
1.9162191100574486e+01  2.2724535861793782e+01  1.4529218376023508e+01
2.4259369875775842e+01  2.2557322031183503e+01  1.3237191393791147e+01
2.2860696800519754e+01  2.2533776457919799e+01  1.3426542985040859e+01
2.2698126462115869e+01  2.2269042704249504e+01  1.4288197026169499e+01
3.1170575972660872e+00  2.5870754599504933e+00  1.8048710923765729e+01
3.0856627481782732e+00  4.0243174194965494e+00  1.8067254203607018e+01
3.8281853810856052e+00  4.3878485446499464e+00  1.7681409089892810e+01
7.0190273165104671e+00  2.4846220586340664e+00  1.8306356521673628e+01
6.9412019146969222e+00  3.8628208470341718e+00  1.8615785832508269e+01
7.8251249504441622e+00  4.2337883849322768e+00  1.8541246821816536e+01
1.3353435834882053e+00  6.9767190194796065e+00  1.7275980916022032e+01
2.2423098426324746e+00  8.0914183440671810e+00  1.7137123915559975e+01
1.7606748282536440e+00  8.9236270632706969e+00  1.7260268885895314e+01
5.2404405610747542e+00  7.2464462122601816e+00  1.8360246572724122e+01
6.4521166272745054e+00  7.1600500791680801e+00  1.9084431978183140e+01
6.3164547886395441e+00  7.3771120286475833e+00  1.9978174803962911e+01
4.0623034727601448e+00  3.5992311795524916e+00  2.1852780103250801e+01
4.6381915724162530e+00  4.8029006605712627e+00  2.1418499295079471e+01
5.3073566487548849e+00  4.6101442008923694e+00  2.0819219825764034e+01
8.4790405301095166e+00  4.7506235968226305e+00  2.2200658944128172e+01
7.6536884656217161e+00  4.3052335117638716e+00  2.3299714348973506e+01
8.1624547360972333e+00  4.4524376527443081e+00  2.4101212470890321e+01
2.0843789830354633e+00  7.1518913355441542e+00  2.1391346054408540e+01
2.6475043342729094e+00  8.1773602990880043e+00  2.0558023196231623e+01
3.4286983974686316e+00  8.4810600071750848e+00  2.1015207101560094e+01
7.1821145016242127e+00  7.9395256677179518e+00  2.4000288744580150e+01
6.1498364080690129e+00  7.1851318727292623e+00  2.3363986648996878e+01
5.5494442859229407e+00  7.7600542990412160e+00  2.3068194660194205e+01
1.0723945280436480e+01  2.1466008153392719e+00  1.9312392210581692e+01
1.0857648377979872e+01  3.5621393115503359e+00  1.9263406930238496e+01
1.1425144947818625e+01  3.8443217275957835e+00  2.0029336465740474e+01
1.4344407647776544e+01  2.4214074559652023e+00  1.8258780506936365e+01
1.4930094452928360e+01  3.6804453854106725e+00  1.7954220793934098e+01
1.4810672308860397e+01  3.8100755405609013e+00  1.7000739748303094e+01
1.0311165932604275e+01  8.3289775328766797e+00  1.9943167998069054e+01
9.4664987301823604e+00  7.1988110068310212e+00  1.9937967294625331e+01
9.5588156256924588e+00  6.7352007995079468e+00  1.9138473326961694e+01
1.3659495453583151e+01  6.3061400708697173e+00  1.9931497124702375e+01
1.3529237354705131e+01  6.5727227196231084e+00  1.8548934287479607e+01
1.2622873585793279e+01  6.3488027913687777e+00  1.8262707532268944e+01
1.3228824801842507e+01  3.2964701271575958e+00  2.4211385215585207e+01
1.2580209299896543e+01  3.2126536741337102e+00  2.2954138556981739e+01
1.1664967054661245e+01  3.3726441355638537e+00  2.3086258182833337e+01
1.6197404116822085e+01  2.5611213151719960e+00  2.1747999228493033e+01
1.5743071593133186e+01  3.9033042309317358e+00  2.1613942584079432e+01
1.6163835672386384e+01  4.3124688180819568e+00  2.0927954340308773e+01
1.1270797091778512e+01  7.4743431725932972e+00  2.4038015334937569e+01
1.1862549633236966e+01  6.4791305357450781e+00  2.3208478558026513e+01
1.1467661326543215e+01  6.5904040302656659e+00  2.2355865004064803e+01
1.5226885580104273e+01  8.3610505986595349e+00  2.3582346645647821e+01
1.5701678044496063e+01  8.4373965185051780e+00  2.2259384768846569e+01
1.6476456657216584e+01  9.0477052180259161e+00  2.2224059760694967e+01
1.9166539905931039e+01  2.5180737740282324e+00  1.9105088599091836e+01
1.8001369820222457e+01  3.0222797351481843e+00  1.8462113743936449e+01
1.8203435031684386e+01  3.9166335867412165e+00  1.8100418058164070e+01
2.3366760560724515e+01  2.2072384166320038e+00  1.9673196184872534e+01
2.3989624917098542e+01  3.3711272465395781e+00  1.9077569740065695e+01
2.4281802740645762e+01  3.9765426449838115e+00  1.9759575642916243e+01
1.7176334982994852e+01  7.1309778453183101e+00  1.9193090200268259e+01
1.7587246640644079e+01  8.4125079490418937e+00  1.8775417644292119e+01
1.8165340713174995e+01  8.3216133107149339e+00  1.8001294752475015e+01
2.0904452894357838e+01  6.2396701313758944e+00  1.9927719621092489e+01
2.0976327798488139e+01  5.4719960674281207e+00  1.8747620796621224e+01
2.0404546087856232e+01  5.8246511269197141e+00  1.8144908271766852e+01
1.8705586657609516e+01  5.4277354605837740e+00  2.4156008103215566e+01
1.8481186314821073e+01  5.6755206991875280e+00  2.2772847565627995e+01
1.8142919138970768e+01  6.5393157753829954e+00  2.2640545964328020e+01
2.4186720302871290e+01  3.6919357641027486e+00  2.3317538057160572e+01
2.2809147620753098e+01  4.0011924361233664e+00  2.3271519306580331e+01
2.2660795532356950e+01  4.2518333912166755e+00  2.2382485448637400e+01
2.0275325738319708e+01  9.4628987887416098e+00  2.3118736651209350e+01
2.0456459096358707e+01  9.4161484227825394e+00  2.1696067813518432e+01
1.9595641826183297e+01  9.6403880694476864e+00  2.1338025208600424e+01
2.3843544199384684e+01  7.7096077688363769e+00  2.2860696270096952e+01
2.4455578204651996e+01  8.2208671153806439e+00  2.1657895423663781e+01
2.3991269473094334e+01  7.7811531800546607e+00  2.0931530876661650e+01
2.0250655005724214e+00  1.2056481311442781e+01  1.9177164746320994e+01
3.3534525286530230e+00  1.1682926453630250e+01  1.9550550132319113e+01
3.6435358411621013e+00  1.0946439812613963e+01  1.8956901512172532e+01
7.7593348739789549e+00  1.0098615952989341e+01  1.7494856579081297e+01
7.3081382488777216e+00  1.1447950504962105e+01  1.7420412526756916e+01
8.0804870016670467e+00  1.2055308338600945e+01  1.7379872079945880e+01
1.4828437621164203e+00  1.6496172564340892e+01  1.8500670452190420e+01
2.7438439348910206e+00  1.5940589932000876e+01  1.8758301824944859e+01
3.4625614267910438e+00  1.6435028584098493e+01  1.8455856806729837e+01
5.8341159858961280e+00  1.4181375657942469e+01  1.9508769844043467e+01
5.7492284603082897e+00  1.3981735689771083e+01  1.8102824712257100e+01
4.8106201918917897e+00  1.3790066255003516e+01  1.7876701451599942e+01
1.4947229775509170e+00  1.0689344559814097e+01  2.3259617844587630e+01
2.8485480850676792e+00  1.1097713771013172e+01  2.3079414090820009e+01
3.3478343429286532e+00  1.0538380476808440e+01  2.3631292544188451e+01
7.3341395837313232e+00  1.0429654463931808e+01  2.1100385836074160e+01
5.9193335133369791e+00  1.0606140846806282e+01  2.1231498029979395e+01
5.7388617620759579e+00  1.1392850451726799e+01  2.1795712194898528e+01
2.4163095359259721e+00  1.5368531027263140e+01  2.2714055387261688e+01
3.2923752965361017e+00  1.4764656665506948e+01  2.1751546175095292e+01
3.5562038581065001e+00  1.3892194989850680e+01  2.2079349506433591e+01
7.7114375192223861e+00  1.3444289102310671e+01  2.3910576086828513e+01
7.9678473471308369e+00  1.4081181596774737e+01  2.2650603936846601e+01
8.7495450290649757e+00  1.3700605883442190e+01  2.2211886858790180e+01
1.0781319428259133e+01  1.2025706979416867e+01  2.0058869410725528e+01
1.1902845902613764e+01  1.2905922409672968e+01  2.0044956792883383e+01
1.1723265030667676e+01  1.3634826142791246e+01  2.0671275647572983e+01
1.4484895003796503e+01  1.0051082260816017e+01  1.9094118778923644e+01
1.3160599645869068e+01  1.0068850526148609e+01  1.8580900968636872e+01
1.3136351780952928e+01  9.6471274308191060e+00  1.7690210242869679e+01
9.0044476383932626e+00  1.5322115670976732e+01  1.7958182628154496e+01
1.0370441943090217e+01  1.4959867744480450e+01  1.7880654009764495e+01
1.0851923189747819e+01  1.5514541938618036e+01  1.8433859145158763e+01
1.5039791947003769e+01  1.4805469819892130e+01  1.8472854988354865e+01
1.3865507771618573e+01  1.5339427746652154e+01  1.7872306649528888e+01
1.3934293553271353e+01  1.6312183706013560e+01  1.7903902377646471e+01
1.1224519597277546e+01  1.1647587040360385e+01  2.4237776315863126e+01
1.2280636881378740e+01  1.2413133218813343e+01  2.3658662615814233e+01
1.2109053230265589e+01  1.3330448389555841e+01  2.3903478990269033e+01
1.5929257799920030e+01  1.2264254438512104e+01  2.2744396337859332e+01
1.5583899840669545e+01  1.2853212796062980e+01  2.1485824280658704e+01
1.4611507492601524e+01  1.2743699910325274e+01  2.1348301696570523e+01
1.0242083382370758e+01  1.6694239681599761e+01  2.3076510137208260e+01
9.6866803950495353e+00  1.7267680700973774e+01  2.1905124830456586e+01
9.4827410447777201e+00  1.6588405048173527e+01  2.1249490363847986e+01
1.3899952779932541e+01  1.5997663618925564e+01  2.2124404816663848e+01
1.3121341489119930e+01  1.6501491733719629e+01  2.1044150184676806e+01
1.3537165024482503e+01  1.7291721507042425e+01  2.0759826155862601e+01
1.8180089421429553e+01  1.2123054408488835e+01  1.9159374774722046e+01
1.9211632770429755e+01  1.2749535171614202e+01  1.8405101422747173e+01
1.9890460069910755e+01  1.3104709101314283e+01  1.9012810433977240e+01
2.2482750669008549e+01  1.0613516629854407e+01  1.8766789780033967e+01
2.1539059247392863e+01  9.5670258863950401e+00  1.8601127148452047e+01
2.0685412159560421e+01  9.9073153553490929e+00  1.8328483967901921e+01
1.8341912387768993e+01  1.6527284200248815e+01  1.8498438264185328e+01
1.9674816586920873e+01  1.6423355924346371e+01  1.8966590382376140e+01
1.9654820837367961e+01  1.6069758964297364e+01  1.9897065120903857e+01
2.3688079170837490e+01  1.4051777433746114e+01  1.7744896670433860e+01
2.2479502069166429e+01  1.4585971067909833e+01  1.8290089919363879e+01
2.2385351841572255e+01  1.5500120956182215e+01  1.7998734418156218e+01
2.0136384301615895e+01  1.3295467211418231e+01  2.2393832091158824e+01
1.9110191653774834e+01  1.3334001916397259e+01  2.3346931250491444e+01
1.8725618118171578e+01  1.4211252401254466e+01  2.3250358325137309e+01
2.4840296660376559e+01  1.1633713082709837e+01  2.3033647255650909e+01
2.3785669157970073e+01  1.1662925006623285e+01  2.2061330433106974e+01
2.3120422712937653e+01  1.1070188811536005e+01  2.2278549374997429e+01
2.0353863475702909e+01  1.7330710330620004e+01  2.4176493954154115e+01
2.0136240385715936e+01  1.7362532867424118e+01  2.2754580409718596e+01
2.0568648272441084e+01  1.8154235769380275e+01  2.2410200229137367e+01
2.4180003642908954e+01  1.6601764292248404e+01  2.0866828080386611e+01
2.2779945204886939e+01  1.6392869241633569e+01  2.1075669435765615e+01
2.2627627915550498e+01  1.5727050674357518e+01  2.1726148830053479e+01
2.7731160742975400e+00  2.0277063079976575e+01  2.0358575208888311e+01
3.5487498706672485e+00  1.9191268567689942e+01  2.0861838516704971e+01
2.9236337716980798e+00  1.8465612020384370e+01  2.1143488487349156e+01
6.3508743873859803e+00  1.7988650381765105e+01  1.8819283519600447e+01
7.1490277329169931e+00  1.9125179088122000e+01  1.8520344144131915e+01
6.5562702673826108e+00  1.9859588183749995e+01  1.8252848741720648e+01
2.1366721818596988e+00  2.3761754684579980e+01  1.7698401494747156e+01
3.1468834294590460e+00  2.4742291407567684e+01  1.7811077760351218e+01
3.0095145541644048e+00  2.5399092488349812e+01  1.7143704708177580e+01
5.5621284206422192e+00  2.2883597730713788e+01  1.9405264751898279e+01
5.9817284602788598e+00  2.4189413271836337e+01  1.9064542813461404e+01
5.7963272698478558e+00  2.4780965109656528e+01  1.9796056377169226e+01
2.5399125698285925e+00  2.1076566532075553e+01  2.4216684679581164e+01
3.9185799345826342e+00  2.0948156104705379e+01  2.3867021393361036e+01
4.1532941972563604e+00  2.1589342543690201e+01  2.3183417210778902e+01
6.1416905919087270e+00  1.7057561814745938e+01  2.2349818570775380e+01
5.4680392208293691e+00  1.8180568111141721e+01  2.2909397503652741e+01
6.0504817265945867e+00  1.8542647190328552e+01  2.3590959509272377e+01
1.9745378715792250e+00  2.3889668817615568e+01  2.1565420566316348e+01
3.3625458550212075e+00  2.4220799793907670e+01  2.1589075253493576e+01
3.4635011844421451e+00  2.5012759652490182e+01  2.2047734397850697e+01
6.8143027847178388e+00  2.3939184847506333e+01  2.4196580381271804e+01
6.3560932464160880e+00  2.4124464797755135e+01  2.2839448276062072e+01
6.4307641905847115e+00  2.5032196354028912e+01  2.2640239172198495e+01
1.0751748855700781e+01  1.9261590178205829e+01  1.8779800292204538e+01
1.0890405360741436e+01  1.8730335334833068e+01  1.7464994335528736e+01
1.1771691231798693e+01  1.8442663445322246e+01  1.7374456073308643e+01
1.5319552602111031e+01  1.9603527923745343e+01  1.7682020554241475e+01
1.4992731161564508e+01  1.9629635282395668e+01  1.9066679725371923e+01
1.4094296693858468e+01  1.9926969860159321e+01  1.9179385396307676e+01
9.3998994044805464e+00  2.3778653153263988e+01  1.9137433345894873e+01
9.2933811391591199e+00  2.4566899155678463e+01  2.0302689130556761e+01
9.0607329340345686e+00  2.4030416577457526e+01  2.0982253965679050e+01
1.4506732724545373e+01  2.5363899812106222e+01  1.9161725927626648e+01
1.4085682827025581e+01  2.4255839045511120e+01  1.8391562557094005e+01
1.3960750100213293e+01  2.3525158752542165e+01  1.8910969936771764e+01
8.7428097382267200e+00  2.0816893461841467e+01  2.2688258463684182e+01
8.2313650935137055e+00  2.0288513969150575e+01  2.1465347811892293e+01
8.4813485815349718e+00  2.0856481058035790e+01  2.0742677319851669e+01
1.3560441731754022e+01  1.9975005217960160e+01  2.3363320382050350e+01
1.2354154226933129e+01  1.9436009440393462e+01  2.2829805007462689e+01
1.2113073466141540e+01  1.9961673690108125e+01  2.2054008018775200e+01
1.2041895978639491e+01  2.4177194815563674e+01  2.2911256897451281e+01
1.2518603780332473e+01  2.3627422580898710e+01  2.1698907825885669e+01
1.1961523457265990e+01  2.2934483993161454e+01  2.1451274029271989e+01
1.6345371478281010e+01  2.3617138360254167e+01  2.1662142171596717e+01
1.5600434999991332e+01  2.2394011582015974e+01  2.1592942714763939e+01
1.5898461135113259e+01  2.1922742579449569e+01  2.0900358940064020e+01
1.6859211317285034e+01  1.7933879706558908e+01  2.1731012166824343e+01
1.7227405637184923e+01  1.9211361522322722e+01  2.1229421712037247e+01
1.7877971291226377e+01  1.9126841952354539e+01  2.0628811721435788e+01
2.1566219062760759e+01  1.9626327377647844e+01  1.9416228302868788e+01
2.2702526856548975e+01  2.0218683287543001e+01  2.0022865648034642e+01
2.2459397134480298e+01  2.0815339605726304e+01  2.0701504401280328e+01
1.8299873650847346e+01  2.2057397727103446e+01  1.8263480756702634e+01
1.7224982429444740e+01  2.2969133359951400e+01  1.8116813161475797e+01
1.6989953572824870e+01  2.2985010805758083e+01  1.7213770214711683e+01
2.3618571703518562e+01  2.3135915317481704e+01  1.7340740199830492e+01
2.2339841716520013e+01  2.2713879335952637e+01  1.7741130482000131e+01
2.1749898547090613e+01  2.3393298871193604e+01  1.7433222932319303e+01
1.9193045683832182e+01  2.1076891373003370e+01  2.3912772657610283e+01
1.9959296758515958e+01  2.1051569685246236e+01  2.2710040580659545e+01
1.9475606510846184e+01  2.1552598316472267e+01  2.2014437089103073e+01
2.3960518544227469e+01  1.9051765099144053e+01  2.3804977235017184e+01
2.3420127683565756e+01  2.0366309689545535e+01  2.3607452359586727e+01
2.3924822458540064e+01  2.1013411655601466e+01  2.4056766625978710e+01
2.0119700193187672e+01  2.5368118436451276e+01  2.1987281938243967e+01
2.0617682508936053e+01  2.4488735895184782e+01  2.0968140718137001e+01
1.9924014638703778e+01  2.4337383791537860e+01  2.0347322043321192e+01
2.4439469636297513e+01  2.3450046138560008e+01  2.1247332773882185e+01
2.3853500821417736e+01  2.4660394219889387e+01  2.1698184911097545e+01
2.3754787719922696e+01  2.5241693781933566e+01  2.0976844796812539e+01
