3.071139  6.880438  3.197450
4.601139  6.880438  3.197450
5.171139  8.300438  3.197450
8.536252  3.327832  5.386349
10.066252  3.327832  5.386349
10.636252  4.747832  5.386349
4.882998  11.922294  3.271505
6.412998  11.922294  3.271505
6.982998  13.342294  3.271505
8.775998  8.577261  2.630548
10.305998  8.577261  2.630548
10.875998  9.997261  2.630548
2.106491  4.198401  9.077071
3.636491  4.198401  9.077071
4.206491  5.618401  9.077071
7.534952  4.142867  10.961530
9.064952  4.142867  10.961530
9.634952  5.562867  10.961530
1.955161  9.296209  8.118001
3.485161  9.296209  8.118001
4.055161  10.716209  8.118001
9.864755  9.341057  8.101464
11.394755  9.341057  8.101464
11.964755  10.761057  8.101464
16.283220  5.952205  3.439203
17.813220  5.952205  3.439203
18.383220  7.372205  3.439203
21.100155  3.383958  3.696960
22.630155  3.383958  3.696960
23.200155  4.803958  3.696960
16.392871  11.561700  4.065050
17.922871  11.561700  4.065050
18.492871  12.981700  4.065050
20.797891  8.910806  3.998951
22.327891  8.910806  3.998951
22.897891  10.330806  3.998951
12.456413  3.349457  10.350940
13.986413  3.349457  10.350940
14.556413  4.769457  10.350940
18.827710  3.192934  8.735430
20.357710  3.192934  8.735430
20.927710  4.612934  8.735430
14.815117  10.388307  10.518184
16.345117  10.388307  10.518184
16.915117  11.808307  10.518184
18.831341  12.871221  8.395671
20.361341  12.871221  8.395671
20.931341  14.291221  8.395671
27.040526  3.799321  3.174311
28.570526  3.799321  3.174311
29.140526  5.219321  3.174311
32.433126  3.226319  3.507794
33.963126  3.226319  3.507794
34.533126  4.646319  3.507794
26.868803  11.062443  3.072256
28.398803  11.062443  3.072256
28.968803  12.482443  3.072256
33.303299  8.679990  5.117581
34.833299  8.679990  5.117581
35.403299  10.099990  5.117581
25.781909  2.886866  9.293626
27.311909  2.886866  9.293626
27.881909  4.306866  9.293626
30.852689  3.045183  10.540687
32.382689  3.045183  10.540687
32.952689  4.465183  10.540687
22.759104  9.294908  9.089909
24.289104  9.294908  9.089909
24.859104  10.714908  9.089909
28.395657  9.096077  9.504425
29.925657  9.096077  9.504425
30.495657  10.516077  9.504425
3.563863  17.940556  3.971628
5.093863  17.940556  3.971628
5.663863  19.360556  3.971628
10.088409  13.642502  3.043168
11.618409  13.642502  3.043168
12.188409  15.062502  3.043168
4.630385  23.054857  2.459251
6.160385  23.054857  2.459251
6.730385  24.474857  2.459251
9.248336  19.500441  2.932547
10.778336  19.500441  2.932547
11.348336  20.920441  2.932547
2.085763  15.234944  9.327074
3.615763  15.234944  9.327074
4.185763  16.654944  9.327074
7.629123  15.111620  9.356559
9.159123  15.111620  9.356559
9.729123  16.531620  9.356559
1.716384  22.288872  8.724544
3.246384  22.288872  8.724544
3.816384  23.708872  8.724544
6.046160  20.336840  9.966262
7.576160  20.336840  9.966262
8.146160  21.756840  9.966262
14.473147  16.533849  2.426196
16.003147  16.533849  2.426196
16.573147  17.953849  2.426196
22.399849  15.268613  3.517058
23.929849  15.268613  3.517058
24.499849  16.688613  3.517058
14.421127  21.630490  4.267167
15.951127  21.630490  4.267167
16.521127  23.050490  4.267167
19.337509  20.232400  3.010499
20.867509  20.232400  3.010499
21.437509  21.652400  3.010499
13.563102  14.788513  8.467146
15.093102  14.788513  8.467146
15.663102  16.208513  8.467146
17.488240  17.952890  8.966530
19.018240  17.952890  8.966530
19.588240  19.372890  8.966530
12.188033  21.313495  9.157581
13.718033  21.313495  9.157581
14.288033  22.733495  9.157581
19.306364  22.943397  8.383811
20.836364  22.943397  8.383811
21.406364  24.363397  8.383811
28.230732  16.873321  3.791289
29.760732  16.873321  3.791289
30.330732  18.293321  3.791289
32.450986  14.260399  4.811983
33.980986  14.260399  4.811983
34.550986  15.680399  4.811983
23.989384  21.227516  4.383440
25.519384  21.227516  4.383440
26.089384  22.647516  4.383440
32.096709  20.717682  2.469464
33.626709  20.717682  2.469464
34.196709  22.137682  2.469464
22.443524  17.708258  9.112263
23.973524  17.708258  9.112263
24.543524  19.128258  9.112263
27.667124  14.189584  10.385290
29.197124  14.189584  10.385290
29.767124  15.609584  10.385290
26.796461  24.196915  11.060527
28.326461  24.196915  11.060527
28.896461  25.616915  11.060527
32.283191  19.370662  7.622523
33.813191  19.370662  7.622523
34.383191  20.790662  7.622523
3.912413  27.619257  5.587133
5.442413  27.619257  5.587133
6.012413  29.039257  5.587133
9.524777  26.747147  2.344282
11.054777  26.747147  2.344282
11.624777  28.167147  2.344282
3.704268  33.193495  2.487578
5.234268  33.193495  2.487578
5.804268  34.613495  2.487578
9.408934  30.418538  6.251415
10.938934  30.418538  6.251415
11.508934  31.838538  6.251415
1.730369  28.074500  11.562587
3.260369  28.074500  11.562587
3.830369  29.494500  11.562587
7.824771  25.117347  10.319638
9.354771  25.117347  10.319638
9.924771  26.537347  10.319638
1.956762  32.517602  8.461091
3.486762  32.517602  8.461091
4.056762  33.937602  8.461091
7.799221  29.873869  12.286477
9.329221  29.873869  12.286477
9.899221  31.293869  12.286477
16.576771  27.361120  2.479557
18.106771  27.361120  2.479557
18.676771  28.781120  2.479557
21.999695  25.870987  3.132914
23.529695  25.870987  3.132914
24.099695  27.290987  3.132914
13.691327  31.557042  3.746555
15.221327  31.557042  3.746555
15.791327  32.977042  3.746555
20.340063  33.490120  4.127514
21.870063  33.490120  4.127514
22.440063  34.910120  4.127514
13.438239  26.011823  6.711358
14.968239  26.011823  6.711358
15.538239  27.431823  6.711358
18.969796  27.162183  11.172602
20.499796  27.162183  11.172602
21.069796  28.582183  11.172602
13.114637  30.992014  10.639533
14.644637  30.992014  10.639533
15.214637  32.412014  10.639533
18.100209  32.473685  9.836487
19.630209  32.473685  9.836487
20.200209  33.893685  9.836487
27.673369  25.619665  4.393710
29.203369  25.619665  4.393710
29.773369  27.039665  4.393710
33.269867  27.450107  3.360468
34.799867  27.450107  3.360468
35.369867  28.870107  3.360468
26.363053  30.276947  2.386254
27.893053  30.276947  2.386254
28.463053  31.696947  2.386254
32.913270  33.221559  6.340578
34.443270  33.221559  6.340578
35.013270  34.641559  6.340578
23.921548  28.608185  9.726174
25.451548  28.608185  9.726174
26.021548  30.028185  9.726174
33.349231  24.907998  8.983460
34.879231  24.907998  8.983460
35.449231  26.327998  8.983460
24.760147  34.458479  8.192132
26.290147  34.458479  8.192132
26.860147  35.878479  8.192132
29.155261  28.951271  8.722865
30.685261  28.951271  8.722865
31.255261  30.371271  8.722865
4.232618  2.723884  15.080021
5.762618  2.723884  15.080021
6.332618  4.143884  15.080021
10.443488  2.797948  15.516204
11.973488  2.797948  15.516204
12.543488  4.217948  15.516204
2.261444  9.900773  13.482327
3.791444  9.900773  13.482327
4.361444  11.320773  13.482327
10.609486  7.704777  12.846988
12.139486  7.704777  12.846988
12.709486  9.124777  12.846988
2.150746  4.880641  19.718421
3.680746  4.880641  19.718421
4.250746  6.300641  19.718421
7.327514  3.240804  19.636202
8.857514  3.240804  19.636202
9.427514  4.660804  19.636202
3.746479  11.400503  18.510413
5.276479  11.400503  18.510413
5.846479  12.820503  18.510413
9.949057  8.868901  18.880919
11.479057  8.868901  18.880919
12.049057  10.288901  18.880919
16.674201  5.095350  13.505968
18.204201  5.095350  13.505968
18.774201  6.515350  13.505968
21.821115  3.498548  13.643362
23.351115  3.498548  13.643362
23.921115  4.918548  13.643362
15.075325  11.888235  16.106200
16.605325  11.888235  16.106200
17.175325  13.308235  16.106200
20.137231  9.742049  13.253926
21.667231  9.742049  13.253926
22.237231  11.162049  13.253926
13.274556  5.167510  20.856467
14.804556  5.167510  20.856467
15.374556  6.587510  20.856467
18.473844  4.079619  18.309319
20.003844  4.079619  18.309319
20.573844  5.499619  18.309319
14.434255  10.810931  21.212226
15.964255  10.810931  21.212226
16.534255  12.230931  21.212226
21.621674  10.084175  20.821424
23.151674  10.084175  20.821424
23.721674  11.504175  20.821424
27.325396  3.691723  15.701247
28.855396  3.691723  15.701247
29.425396  5.111723  15.701247
32.528558  3.533591  16.896080
34.058558  3.533591  16.896080
34.628558  4.953591  16.896080
24.238647  8.088314  16.119760
25.768647  8.088314  16.119760
26.338647  9.508314  16.119760
31.600618  10.374845  15.368941
33.130618  10.374845  15.368941
33.700618  11.794845  15.368941
23.592518  3.141578  19.474116
25.122518  3.141578  19.474116
25.692518  4.561578  19.474116
28.848232  3.057173  21.825007
30.378232  3.057173  21.825007
30.948232  4.477173  21.825007
28.179776  8.469204  19.297491
29.709776  8.469204  19.297491
30.279776  9.889204  19.297491
33.543485  8.604070  21.974790
35.073485  8.604070  21.974790
35.643485  10.024070  21.974790
4.246812  16.795851  15.331730
5.776812  16.795851  15.331730
6.346812  18.215851  15.331730
7.271637  12.449912  14.800434
8.801637  12.449912  14.800434
9.371637  13.869912  14.800434
2.753420  21.823225  13.799620
4.283420  21.823225  13.799620
4.853420  23.243225  13.799620
10.794182  20.346550  14.530879
12.324182  20.346550  14.530879
12.894182  21.766550  14.530879
4.499284  15.810053  20.820690
6.029284  15.810053  20.820690
6.599284  17.230053  20.820690
10.846147  13.897317  18.327760
12.376147  13.897317  18.327760
12.946147  15.317317  18.327760
2.346220  21.023370  19.158911
3.876220  21.023370  19.158911
4.446220  22.443370  19.158911
7.244165  19.821380  18.264415
8.774165  19.821380  18.264415
9.344165  21.241380  18.264415
12.651666  15.897249  13.294134
14.181666  15.897249  13.294134
14.751666  17.317249  13.294134
19.296679  14.140150  15.684653
20.826679  14.140150  15.684653
21.396679  15.560150  15.684653
15.913340  20.470862  14.422929
17.443340  20.470862  14.422929
18.013340  21.890862  14.422929
22.218120  20.107364  13.693933
23.748120  20.107364  13.693933
24.318120  21.527364  13.693933
15.305025  16.064132  21.535372
16.835025  16.064132  21.535372
17.405025  17.484132  21.535372
20.115064  16.916590  20.192848
21.645064  16.916590  20.192848
22.215064  18.336590  20.192848
13.702801  20.270911  19.422044
15.232801  20.270911  19.422044
15.802801  21.690911  19.422044
22.497702  21.558660  19.473611
24.027702  21.558660  19.473611
24.597702  22.978660  19.473611
24.228966  12.859357  13.747073
25.758966  12.859357  13.747073
26.328966  14.279357  13.747073
29.233394  15.018375  15.494050
30.763394  15.018375  15.494050
31.333394  16.438375  15.494050
27.389281  20.441100  15.639573
28.919281  20.441100  15.639573
29.489281  21.861100  15.639573
31.716739  20.133358  12.955591
33.246739  20.133358  12.955591
33.816739  21.553358  12.955591
25.922150  14.170068  20.001304
27.452150  14.170068  20.001304
28.022150  15.590068  20.001304
32.387668  13.857154  20.091804
33.917668  13.857154  20.091804
34.487668  15.277154  20.091804
27.068001  19.408612  20.886283
28.598001  19.408612  20.886283
29.168001  20.828612  20.886283
32.945529  19.005580  18.078318
34.475529  19.005580  18.078318
35.045529  20.425580  18.078318
1.816715  26.189890  17.343056
3.346715  26.189890  17.343056
3.916715  27.609890  17.343056
8.351000  26.340248  15.438249
9.881000  26.340248  15.438249
10.451000  27.760248  15.438249
3.043854  34.491390  13.879216
4.573854  34.491390  13.879216
5.143854  35.911390  13.879216
7.946858  34.158563  16.634823
9.476858  34.158563  16.634823
10.046858  35.578563  16.634823
3.535431  27.557281  21.950062
5.065431  27.557281  21.950062
5.635431  28.977281  21.950062
9.762508  23.626351  20.682647
11.292508  23.626351  20.682647
11.862508  25.046351  20.682647
3.339090  31.409593  18.247693
4.869090  31.409593  18.247693
5.439090  32.829593  18.247693
9.526287  30.737571  21.300463
11.056287  30.737571  21.300463
11.626287  32.157571  21.300463
14.232963  25.698249  11.892904
15.762963  25.698249  11.892904
16.332963  27.118249  11.892904
18.185617  24.740014  15.978842
19.715617  24.740014  15.978842
20.285617  26.160014  15.978842
14.323798  31.232687  16.143010
15.853798  31.232687  16.143010
16.423798  32.652687  16.143010
21.282804  31.323926  13.633404
22.812804  31.323926  13.633404
23.382804  32.743926  13.633404
13.919104  26.561845  18.503617
15.449104  26.561845  18.503617
16.019104  27.981845  18.503617
20.489208  28.803828  19.465062
22.019208  28.803828  19.465062
22.589208  30.223828  19.465062
15.756655  29.834611  22.301457
17.286655  29.834611  22.301457
17.856655  31.254611  22.301457
17.930866  34.101060  19.064342
19.460866  34.101060  19.064342
20.030866  35.521060  19.064342
24.691907  26.692564  14.878998
26.221907  26.692564  14.878998
26.791907  28.112564  14.878998
29.660909  25.902814  16.786371
31.190909  25.902814  16.786371
31.760909  27.322814  16.786371
27.565154  30.889443  13.107794
29.095154  30.889443  13.107794
29.665154  32.309443  13.107794
32.832575  31.983793  11.378920
34.362575  31.983793  11.378920
34.932575  33.403793  11.378920
24.712883  26.025761  20.648656
26.242883  26.025761  20.648656
26.812883  27.445761  20.648656
32.298785  24.191070  21.725842
33.828785  24.191070  21.725842
34.398785  25.611070  21.725842
25.293852  33.221468  19.133500
26.823852  33.221468  19.133500
27.393852  34.641468  19.133500
32.750149  30.452385  17.870208
34.280149  30.452385  17.870208
34.850149  31.872385  17.870208
4.208028  3.492552  24.365760
5.738028  3.492552  24.365760
6.308028  4.912552  24.365760
9.475687  3.354240  24.713581
11.005687  3.354240  24.713581
11.575687  4.774240  24.713581
1.802714  9.418571  23.322574
3.332714  9.418571  23.322574
3.902714  10.838571  23.322574
7.074595  9.782702  24.786333
8.604595  9.782702  24.786333
9.174595  11.202702  24.786333
5.484110  4.858962  29.501253
7.014110  4.858962  29.501253
7.584110  6.278962  29.501253
11.446705  6.413342  29.970890
12.976705  6.413342  29.970890
13.546705  7.833342  29.970890
2.813912  9.655053  28.878317
4.343912  9.655053  28.878317
4.913912  11.075053  28.878317
9.695855  10.718360  32.400390
11.225855  10.718360  32.400390
11.795855  12.138360  32.400390
14.477326  2.897911  26.071729
16.007326  2.897911  26.071729
16.577326  4.317911  26.071729
19.364950  3.268900  24.649354
20.894950  3.268900  24.649354
21.464950  4.688900  24.649354
13.920074  11.244120  26.923277
15.450074  11.244120  26.923277
16.020074  12.664120  26.923277
18.440319  8.513289  26.907521
19.970319  8.513289  26.907521
20.540319  9.933289  26.907521
17.858913  4.450235  32.685370
19.388913  4.450235  32.685370
19.958913  5.870235  32.685370
21.866496  3.457514  29.359799
23.396496  3.457514  29.359799
23.966496  4.877514  29.359799
15.215576  10.090363  32.451321
16.745576  10.090363  32.451321
17.315576  11.510363  32.451321
20.556296  11.287418  31.836168
22.086296  11.287418  31.836168
22.656296  12.707418  31.836168
25.874829  3.399400  25.791870
27.404829  3.399400  25.791870
27.974829  4.819400  25.791870
31.545127  2.979772  26.558815
33.075127  2.979772  26.558815
33.645127  4.399772  26.558815
23.188052  9.626820  25.910672
24.718052  9.626820  25.910672
25.288052  11.046820  25.910672
28.221011  8.423555  26.902421
29.751011  8.423555  26.902421
30.321011  9.843555  26.902421
25.252542  7.327443  32.610611
26.782542  7.327443  32.610611
27.352542  8.747443  32.610611
32.652072  4.984113  31.478676
34.182072  4.984113  31.478676
34.752072  6.404113  31.478676
27.371690  12.774913  31.210294
28.901690  12.774913  31.210294
29.471690  14.194913  31.210294
32.188785  10.407970  30.861940
33.718785  10.407970  30.861940
34.288785  11.827970  30.861940
2.733838  16.276250  25.889172
4.263838  16.276250  25.889172
4.833838  17.696250  25.889172
10.475102  13.633132  23.618056
12.005102  13.633132  23.618056
12.575102  15.053132  23.618056
2.001839  22.269833  24.975905
3.531839  22.269833  24.975905
4.101839  23.689833  24.975905
7.876057  19.144857  26.336839
9.406057  19.144857  26.336839
9.976057  20.564857  26.336839
2.017876  14.430615  31.400484
3.547876  14.430615  31.400484
4.117876  15.850615  31.400484
9.901088  14.080034  28.485521
11.431088  14.080034  28.485521
12.001088  15.500034  28.485521
3.262018  20.747517  30.663975
4.792018  20.747517  30.663975
5.362018  22.167517  30.663975
10.410441  18.149790  32.279278
11.940441  18.149790  32.279278
12.510441  19.569790  32.279278
14.554781  16.234704  27.079474
16.084781  16.234704  27.079474
16.654781  17.654704  27.079474
19.554608  13.568961  25.777060
21.084608  13.568961  25.777060
21.654608  14.988961  25.777060
12.156004  20.684856  24.243547
13.686004  20.684856  24.243547
14.256004  22.104856  24.243547
20.303719  19.987384  24.938354
21.833719  19.987384  24.938354
22.403719  21.407384  24.938354
15.153101  15.724243  32.720998
16.683101  15.724243  32.720998
17.253101  17.144243  32.720998
21.504498  16.556743  30.704935
23.034498  16.556743  30.704935
23.604498  17.976743  30.704935
13.826813  22.537224  31.153289
15.356813  22.537224  31.153289
15.926813  23.957224  31.153289
18.764936  21.596846  29.867947
20.294936  21.596846  29.867947
20.864936  23.016846  29.867947
24.543121  16.366123  25.865156
26.073121  16.366123  25.865156
26.643121  17.786123  25.865156
30.351713  14.328247  25.335166
31.881713  14.328247  25.335166
32.451713  15.748247  25.335166
24.761582  22.311834  24.972892
26.291582  22.311834  24.972892
26.861582  23.731834  24.972892
31.978907  18.969900  23.955611
33.508907  18.969900  23.955611
34.078907  20.389900  23.955611
27.184119  17.948881  30.231673
28.714119  17.948881  30.231673
29.284119  19.368881  30.231673
33.534400  15.705513  31.095424
35.064400  15.705513  31.095424
35.634400  17.125513  31.095424
27.477716  23.396459  32.638267
29.007716  23.396459  32.638267
29.577716  24.816459  32.638267
32.643005  22.412382  28.170218
34.173005  22.412382  28.170218
34.743005  23.832382  28.170218
3.743707  27.374035  27.484077
5.273707  27.374035  27.484077
5.843707  28.794035  27.484077
8.573680  24.284678  25.406033
10.103680  24.284678  25.406033
10.673680  25.704678  25.406033
2.884507  32.078369  23.892842
4.414507  32.078369  23.892842
4.984507  33.498369  23.892842
7.508873  30.892857  26.197107
9.038873  30.892857  26.197107
9.608873  32.312857  26.197107
3.428882  28.453365  32.692524
4.958882  28.453365  32.692524
5.528882  29.873365  32.692524
8.291282  23.027708  30.172255
9.821282  23.027708  30.172255
10.391282  24.447708  30.172255
2.665626  32.251053  29.113318
4.195626  32.251053  29.113318
4.765626  33.671053  29.113318
9.199309  32.317900  32.665384
10.729309  32.317900  32.665384
11.299309  33.737900  32.665384
14.514861  26.003147  25.352730
16.044861  26.003147  25.352730
16.614861  27.423147  25.352730
20.681396  26.464763  23.870728
22.211396  26.464763  23.870728
22.781396  27.884763  23.870728
12.689864  32.101182  25.835535
14.219864  32.101182  25.835535
14.789864  33.521182  25.835535
19.584089  34.241265  25.868330
21.114089  34.241265  25.868330
21.684089  35.661265  25.868330
11.802793  28.102806  30.629149
13.332793  28.102806  30.629149
13.902793  29.522806  30.629149
18.306596  26.966257  31.540483
19.836596  26.966257  31.540483
20.406596  28.386257  31.540483
16.256560  32.639213  30.930197
17.786560  32.639213  30.930197
18.356560  34.059213  30.930197
22.066251  31.883137  29.243892
23.596251  31.883137  29.243892
24.166251  33.303137  29.243892
22.759935  24.210738  29.336866
24.289935  24.210738  29.336866
24.859935  25.630738  29.336866
29.114396  26.495542  26.211908
30.644396  26.495542  26.211908
31.214396  27.915542  26.211908
24.704829  29.777487  24.655699
26.234829  29.777487  24.655699
26.804829  31.197487  24.655699
31.885072  31.233486  23.409999
33.415072  31.233486  23.409999
33.985072  32.653486  23.409999
25.910612  28.453803  32.282243
27.440612  28.453803  32.282243
28.010612  29.873803  32.282243
32.346700  25.719883  32.136719
33.876700  25.719883  32.136719
34.446700  27.139883  32.136719
27.161595  34.246960  29.682831
28.691595  34.246960  29.682831
29.261595  35.666960  29.682831
32.993284  31.657562  28.683899
34.523284  31.657562  28.683899
35.093284  33.077562  28.683899
